resturant:
  qw: 0.9968885339131132
  qx: 0.0
  qy: 0.0
  qz: 0.07882417746201911
  x: 1.5435894418752956
  y: 0.8679386464233623
  z: 0.0
toilet:
  qw: 0.9999850977027607
  qx: 0.0
  qy: 0.0
  qz: -0.005459338091774713
  x: -0.3198686998914586
  y: 0.4926384338317715
  z: 0.0
try:
  qw: 0.9998061878964867
  qx: 0.0
  qy: 0.0
  qz: -0.01968722031916156
  x: -0.14602436804729788
  y: -1.81576031542748
  z: 0.0
